EER: 0.005492
Threshold: 0.026180
