EER: 0.015006
Threshold: 0.232472
